$ANSIBLE_VAULT;1.1;AES256
66613462383261343534346532643534636665316361663135326431623535633465313739626535
6461343861333635313161373664613662393061643564310a353431376139303330613731656530
61383661366438623039366539393163643164646634353065613064663734633263633235313765
6266383365346635340a373163386362643334313963343832353932656131333738353231623362
39633734316665646239363038373337666566653437323963313633643233356134643539383762
32356163633837343439356237323939616434333137396334646166383631396235326530356532
32373834343761623537396632316363633739303064643466336431626266613564303962353436
65313932626535343066663338373634633762336436663565613864653766633362396532386362
35373639613434663136306533386264656530663838363861353530663635633233656363376236
62663263323730646264343434613436336362656433323864353636303739386232633564353037
33663539333966326431613834646638333061346364623136663366653934326564646162636665
33316566636665363336316165343264643466366135613230376434613265386237343263303933
34343233653564353264323134373834396162343435653938666431366339363932666534343864
65666166323130613337393430323238313935623162613761383236343933353563366430353565
63646231633636633038666537323965373366366335623766653966623030383135373363306237
36343163376132353231633861363633343266323363303764656364326631636431316363663030
38633030323536326632363038653461393161323666346638393664636365646365363233663437
66666161343361386662346238386137376164353237386363386566633339656566646534393437
313530613535316533333539376464376139
